r [R_sun]      e #density [cm**-3] e #density [eV**3]  
0.0015         6.17268e+25         471.901             
0.002          6.17286e+25         471.915             
0.0025         6.17313e+25         471.936             
0.003          6.16934e+25         471.646             
0.0035         6.1698e+25          471.681             
0.004          6.16619e+25         471.405             
0.0045         6.16674e+25         471.447             
0.005          6.16327e+25         471.182             
0.0055         6.16394e+25         471.234             
0.006          6.16061e+25         470.979             
0.0065         6.16142e+25         471.041             
0.007          6.15822e+25         470.796             
0.0075         6.15506e+25         470.555             
0.008          6.15199e+25         470.32              
0.0085         6.14897e+25         470.089             
0.009          6.14599e+25         469.861             
0.0095         6.1431e+25          469.64              
0.01           6.14029e+25         469.425             
0.0105         6.13753e+25         469.214             
0.011          6.13481e+25         469.006             
0.0115         6.13218e+25         468.805             
0.012          6.12548e+25         468.293             
0.0125         6.12293e+25         468.098             
0.013          6.12048e+25         467.91              
0.0135         6.11399e+25         467.414             
0.014          6.11161e+25         467.233             
0.0145         6.10521e+25         466.743             
0.015          6.09888e+25         466.26              
0.0155         6.09672e+25         466.094             
0.016          6.09048e+25         465.617             

